0	0.155135067222016	0.02233782063279	0.10750044442422	0.039251580338081	0.163616109891025	0.068573484620262	0.050868903898231	0.108123917556739	0.141363595897532	0.071980720205627	0.165098466775394	0.163154509403363	0.129270674586406
0.155135067222016	0	0.132797246589226	0.0476346227977954	0.115883486883935	0.0084810426690092	0.0865615826017538	0.206003971120247	0.263258984778755	0.0137714713244841	0.227115787427643	0.009963399553378	0.0080194421813476	0.0258643926356094
0.02233782063279	0.132797246589226	0	0.0851626237914304	0.016913759705291	0.141278289258235	0.046235663987472	0.073206724531021	0.130461738189529	0.119025775264742	0.094318540838417	0.142760646142604	0.140816688770573	0.106932853953616
0.10750044442422	0.0476346227977954	0.0851626237914304	0	0.0682488640861394	0.0561156654668046	0.0389269598039584	0.158369348322451	0.215624361980959	0.0338631514733113	0.179481164629847	0.0575980223511734	0.055654064979143	0.021770230162186
0.039251580338081	0.115883486883935	0.016913759705291	0.0682488640861394	0	0.124364529552944	0.029321904282181	0.090120484236312	0.14737549789482	0.102112015559451	0.111232300543708	0.125846886437313	0.123902929065282	0.0900190942483254
0.163616109891025	0.0084810426690092	0.141278289258235	0.0561156654668046	0.124364529552944	0	0.095042625270763	0.214485013789256	0.271740027447764	0.0222525139934933	0.235596830096652	0.0014823568843688	0.000461600487661602	0.0343454353046186
0.068573484620262	0.0865615826017538	0.046235663987472	0.0389269598039584	0.029321904282181	0.095042625270763	0	0.119442388518493	0.176697402177001	0.0727901112772697	0.140554204825889	0.0965249821551318	0.0945810247831014	0.0606971899661444
0.050868903898231	0.206003971120247	0.073206724531021	0.158369348322451	0.090120484236312	0.214485013789256	0.119442388518493	0	0.057255013658508	0.192232499795763	0.021111816307396	0.215967370673625	0.214023413301594	0.180139578484637
0.108123917556739	0.263258984778755	0.130461738189529	0.215624361980959	0.14737549789482	0.271740027447764	0.176697402177001	0.057255013658508	0	0.249487513454271	0.036143197351112	0.273222384332133	0.271278426960102	0.237394592143145
0.141363595897532	0.0137714713244841	0.119025775264742	0.0338631514733113	0.102112015559451	0.0222525139934933	0.0727901112772697	0.192232499795763	0.249487513454271	0	0.213344316103159	0.0237348708778621	0.0217909135058317	0.0120929213111253
0.071980720205627	0.227115787427643	0.094318540838417	0.179481164629847	0.111232300543708	0.235596830096652	0.140554204825889	0.021111816307396	0.036143197351112	0.213344316103159	0	0.237079186981021	0.23513522960899	0.201251394792033
0.165098466775394	0.009963399553378	0.142760646142604	0.0575980223511734	0.125846886437313	0.0014823568843688	0.0965249821551318	0.215967370673625	0.273222384332133	0.0237348708778621	0.237079186981021	0	0.0019439573720304	0.0358277921889874
0.163154509403363	0.0080194421813476	0.140816688770573	0.055654064979143	0.123902929065282	0.000461600487661602	0.0945810247831014	0.214023413301594	0.271278426960102	0.0217909135058317	0.23513522960899	0.0019439573720304	0	0.033883834816957
0.129270674586406	0.0258643926356094	0.106932853953616	0.021770230162186	0.0900190942483254	0.0343454353046186	0.0606971899661444	0.180139578484637	0.237394592143145	0.0120929213111253	0.201251394792033	0.0358277921889874	0.033883834816957	0
