0	0.0456670468866256	0.00107231866269001	0.0324907718085607	0.0324907709108551	0.0955587334716198	0.111162855807855	0.166296950210811	0.00754305626971264	0.126891568446688	0.0608983460702383	0.0110346070937665	0.104359332029881	0.0660730845624622	0.103033203576953	0.0861438056287756	0.0164239837406589	0.0616778879206394	0.128332726115457	0.080086708912761	0.0734681745949322	0.208644991458114	0.133025693816028	0.0799279005291143	0.0980084919496911	0.00172910111589558	0.14042468661008	0.0844380839906564	0.0553671849443507	0.167943464772982	0.0117273861310757	0.10630021992218	0.104274692919042	0.0485983536482265	0.0670755505986189	0.240182886653779	0.0690935592635199	0.15246373890921	0.0768968123289734
0.0456670468866256	0	0.0467393549138288	0.0131762628914565	0.0131762688519506	0.049891653086379	0.0654957971877592	0.120629881452855	0.0381239751996257	0.081224521909259	0.0152312715795272	0.0346324676346293	0.0586922778780981	0.0204060518201966	0.0573661638770134	0.0404767425697665	0.0620910303036582	0.0160108377652315	0.0826656498515317	0.0344196454253998	0.0278011145447959	0.162977943052961	0.0873586214183013	0.0342608475448702	0.0523414595329115	0.043937963982134	0.094757635762434	0.0387710246626306	0.00970012070954229	0.122276407877825	0.0339396448358967	0.0606331862019609	0.0586076534187825	0.00293127840997695	0.0214085046202576	0.194515835625313	0.0234265032462647	0.106796694778024	0.0312297584855483
0.00107231866269001	0.0467393549138288	0	0.033563109778499	0.0335631041458916	0.0966310439266631	0.112235148366599	0.167369263662478	0.00861537020355216	0.127963880380398	0.0619706623042445	0.0121069088194323	0.105431665744663	0.0671454243064289	0.10410553052728	0.0872161247296701	0.0153516469144167	0.0627502218930289	0.129405040804846	0.0811590042206385	0.0745404917738751	0.209717306816064	0.1340979925696	0.0810002294573168	0.0990808220572655	0.00280141509521513	0.141496991195778	0.0855103959968899	0.0564394921538598	0.16901577417516	0.0127997274541071	0.107372570576384	0.105347008246103	0.0496706704908567	0.0681478845155094	0.241255236562813	0.0701658827024713	0.153536074739948	0.0779691371594567
0.0324907718085607	0.0131762628914565	0.033563109778499	0	7.15106950030651e-09	0.0630679290393047	0.0786720695920714	0.133806143179171	0.0249477186655555	0.0944007850519899	0.028407557506539	0.0214561836458834	0.0718685341777819	0.0335822947653693	0.0705424393466874	0.0536530082632641	0.0489147650700889	0.0291871153612399	0.0958419259427045	0.0475959058117587	0.0409773973781855	0.176154209751403	0.100534903209287	0.0474371225875777	0.0655177046677646	0.0307616822351506	0.107933870988864	0.0519472793865153	0.0228763955028456	0.135452687078326	0.020763392154471	0.0738094484985571	0.0717839090012254	0.0161075748426978	0.0345847707884653	0.207692131692467	0.0366027732247534	0.119972954519806	0.0444060077388194
0.0324907709108551	0.0131762688519506	0.0335631041458916	7.15106950030651e-09	0	0.0630679345362487	0.0786720671993863	0.133806151624097	0.0249477347167588	0.0944007927597058	0.0284075602195575	0.0214561911671743	0.0718685433716684	0.0335822900015577	0.070542421200586	0.0536530007092523	0.048914777797911	0.0291871241783268	0.0958419299807694	0.0475959211195678	0.0409773882244093	0.17615419757135	0.100534903467291	0.0474371202983875	0.0655177277910262	0.0307616857707085	0.107933880376791	0.0519473052440356	0.0228763904445667	0.135452685995427	0.0207633870235463	0.0738094708840859	0.0717839020685314	0.0161075601578577	0.0345847571743704	0.207692111857318	0.0366027683040338	0.11997296226383	0.0444060262178508
0.0955587334716198	0.049891653086379	0.0966310439266631	0.0630679290393047	0.0630679345362487	0	0.0156041500850053	0.070738211225705	0.0880156540689295	0.0313328570496094	0.0346603726759834	0.0845241114365609	0.00880059630789043	0.0294856414352918	0.00747449716456686	0.00941491642249026	0.11198269795462	0.0338808184880973	0.0327739874904176	0.0154720116292473	0.0220905261665168	0.11308628080773	0.0374669609237394	0.0156308244827454	0.00244979510271978	0.0938296202760869	0.0448659535356361	0.0111206323147771	0.0401915381560187	0.0723847466948846	0.0838313189174389	0.0107415204616991	0.00871597582430298	0.0469603878317869	0.0284831432349887	0.144624204642119	0.0264651447783543	0.0569050181123232	0.0186618895109526
0.111162855807855	0.0654957971877592	0.112235148366599	0.0786720695920714	0.0786720671993863	0.0156041500850053	0	0.0551340808153541	0.103619812469699	0.0157287211923994	0.0502645091261756	0.10012827739119	0.00680353488847185	0.045089773039485	0.0081296444699899	0.0250190837637446	0.127586838098238	0.0494849552134498	0.017169857844113	0.0310761620839488	0.0376946777172913	0.0974821361040404	0.0218628404679499	0.0312349754350675	0.0131543593523735	0.109433741881677	0.029261831715764	0.0267247796863514	0.0557956895228019	0.0567805859604106	0.099435455606245	0.00486261730228444	0.00688814745151627	0.062564526868463	0.0440872731976115	0.129020027607018	0.0420692941356904	0.0413008819457874	0.0342660492802211
0.166296950210811	0.120629881452855	0.167369263662478	0.133806143179171	0.133806151624097	0.070738211225705	0.0551340808153541	0	0.158753853406466	0.0394053879582052	0.105398594006749	0.15526233634641	0.0619376042892537	0.100223859972189	0.0632637262726378	0.0801531439584613	0.182720919588713	0.104619025054218	0.0379642204296847	0.086210233283779	0.0928287594989382	0.0423480671136059	0.0332712550718794	0.0863690364188526	0.0682884384654181	0.164567816920717	0.0258722583093943	0.0818588643316262	0.110929744952517	0.0016465355550143	0.154569528293663	0.0599967028931509	0.062022228656815	0.117698597521843	0.0992213674179915	0.0738859524791123	0.0972033851233692	0.0138332014636813	0.0894001330829639
0.00754305626971264	0.0381239751996257	0.00861537020355216	0.0249477186655555	0.0249477347167588	0.0880156540689295	0.103619812469699	0.158753853406466	0	0.119348505454807	0.0533552890431215	0.00349154382734003	0.0968162825497094	0.058530023532412	0.0954901561992732	0.0786007465618415	0.0239670429359573	0.0541348512293481	0.120789659082912	0.0725436355949153	0.0659251001889031	0.201101940556804	0.125482623238987	0.0723848371877496	0.0904654323274144	0.00581396282092794	0.132881619630956	0.0768950081941102	0.0478240901038429	0.160400405542891	0.0041843594648995	0.0987571736438014	0.0967316353681608	0.0410552870447404	0.0595324980335374	0.23263984135583	0.0615505023485183	0.14492068323555	0.0693537510178582
0.126891568446688	0.081224521909259	0.127963880380398	0.0944007850519899	0.0944007927597058	0.0313328570496094	0.0157287211923994	0.0394053879582052	0.119348505454807	0	0.0659932372283715	0.115856963214084	0.0225322385086816	0.0608184982705165	0.023858349146718	0.0407477613677565	0.143315545612135	0.0652136674540498	0.00144113537214194	0.0468048808440127	0.0534234049698362	0.0817534354787414	0.00613410971190179	0.0469636645308879	0.0288830742456961	0.125162465596369	0.0135331229021711	0.0424534809800922	0.0715244094031177	0.0410518906555467	0.115164162782852	0.020591337910196	0.0226168862460191	0.0782932310538662	0.0598160155148543	0.113291335321855	0.0577979950401842	0.0255721693091541	0.0499947723861991
0.0608983460702383	0.0152312715795272	0.0619706623042445	0.028407557506539	0.0284075602195575	0.0346603726759834	0.0502645091261756	0.105398594006749	0.0533552890431215	0.0659932372283715	0	0.0498637488843862	0.0434609879923576	0.00517474027442429	0.0421348734323636	0.0252454834517606	0.0773223328838759	0.000779571792831405	0.0674343599502441	0.0191883625954319	0.0125698554468339	0.147746652873572	0.0721273368035732	0.0190295804312896	0.0371101655008286	0.059169223763859	0.0795263482731416	0.0235397420580118	0.00553115225979963	0.107045120754012	0.0491709403255561	0.0454018987138658	0.0433763616152278	0.0122999938237129	0.00617722055869698	0.179284546632929	0.00819521267197075	0.0915654013406026	0.015998482328669
0.0110346070937665	0.0346324676346293	0.0121069088194323	0.0214561836458834	0.0214561911671743	0.0845241114365609	0.10012827739119	0.15526233634641	0.00349154382734003	0.115856963214084	0.0498637488843862	0	0.0933247384473012	0.0550384945977988	0.0919986145637817	0.0751091969370448	0.0274585892227984	0.0506432914229835	0.117298115769116	0.0690521079305115	0.062433565808514	0.197610396002832	0.121991100926219	0.0688932994702175	0.0869738859746117	0.00930548038711573	0.12939006664392	0.0734034808753481	0.0443325761551029	0.15690888424308	0.000692808952493984	0.0952656322931645	0.0932401048810598	0.0375637313407244	0.0560409740102791	0.229148301322141	0.0580589603748211	0.141429144723289	0.0658622188066155
0.104359332029881	0.0586922778780981	0.105431665744663	0.0718685341777819	0.0718685433716684	0.00880059630789043	0.00680353488847185	0.0619376042892537	0.0968162825497094	0.0225322385086816	0.0434609879923576	0.0933247384473012	0	0.0382862377642196	0.00132612523980462	0.0182155310372458	0.12078330363805	0.0426814371385251	0.0239733881833845	0.0242726304612454	0.0308911444070904	0.104285671884106	0.0286663384463985	0.0244314369234036	0.00635082361091018	0.102630218534873	0.0360653493588252	0.0199212572287183	0.0489921530775931	0.0635841449896446	0.092631934442497	0.00194091592692074	8.4632575123228e-05	0.0557609697911409	0.0372837598052363	0.135823564704481	0.0352657634471385	0.0481044109443483	0.0274625274999731
0.0660730845624622	0.0204060518201966	0.0671454243064289	0.0335822947653693	0.0335822900015577	0.0294856414352918	0.045089773039485	0.100223859972189	0.058530023532412	0.0608184982705165	0.00517474027442429	0.0550384945977988	0.0382862377642196	0	0.03696013004089	0.0200707072064011	0.0824970616335121	0.00439517935581468	0.0622596314831481	0.0140136105484481	0.00739507774741355	0.142571917913396	0.0669526206831763	0.0138548103201368	0.0319354239500735	0.0643439787340532	0.0743516188840978	0.0183650018889065	0.0107059177515094	0.101870375325372	0.0543456964698193	0.0402271440472773	0.0382016126521088	0.0174747506596823	0.00100249467131135	0.174109825848234	0.00302046932933989	0.0863906736130927	0.0108237202926499
0.103033203576953	0.0573661638770134	0.10410553052728	0.0705424393466874	0.070542421200586	0.00747449716456686	0.0081296444699899	0.0632637262726378	0.0954901561992732	0.023858349146718	0.0421348734323636	0.0919986145637817	0.00132612523980462	0.03696013004089	0	0.0168893988153967	0.119457189860209	0.0413553096267684	0.0252995115448218	0.0229465187167623	0.0295650150837002	0.105611784153085	0.0299924695838893	0.0231053264964975	0.00502472095412658	0.10130412555218	0.0373914588891412	0.0185951461288875	0.0476660361411146	0.0649102528823065	0.0913058043834219	0.00326700372760018	0.00124149534364304	0.0544348831346471	0.0359576242191588	0.137149708260063	0.0339396482861905	0.049430529446043	0.026136411333074
0.0861438056287756	0.0404767425697665	0.0872161247296701	0.0536530082632641	0.0536530007092523	0.00941491642249026	0.0250190837637446	0.0801531439584613	0.0786007465618415	0.0407477613677565	0.0252454834517606	0.0751091969370448	0.0182155310372458	0.0200707072064011	0.0168893988153967	0	0.10256778986833	0.0244658971289524	0.0421889034370814	0.00605710414747778	0.0126756351648646	0.122501191887685	0.0468818800587512	0.00621590929607079	0.0118646974883261	0.0844146943647783	0.0542808850185643	0.00170574176785573	0.0307766291632046	0.0817996787535664	0.0744164035270255	0.0201564193900888	0.0181308980002419	0.0375454692964014	0.0190682360895563	0.154039087658952	0.0170502291589273	0.0663199336186831	0.00924701661000521
0.0164239837406589	0.0620910303036582	0.0153516469144167	0.0489147650700889	0.048914777797911	0.11198269795462	0.127586838098238	0.182720919588713	0.0239670429359573	0.143315545612135	0.0773223328838759	0.0274585892227984	0.12078330363805	0.0824970616335121	0.119457189860209	0.10256778986833	0	0.0781018844089875	0.144756687412142	0.096510682699948	0.0898921684591545	0.225068974286996	0.149449656756114	0.0963518920998743	0.114432482160041	0.0181530796670449	0.156848671529956	0.100862064332355	0.0717911693490563	0.184367441181957	0.0281513887207572	0.122724229444131	0.120698702644062	0.0650223249779813	0.083499558557235	0.256606878490985	0.0855175632401172	0.168887733634851	0.0933208013822603
0.0616778879206394	0.0160108377652315	0.0627502218930289	0.0291871153612399	0.0291871241783268	0.0338808184880973	0.0494849552134498	0.104619025054218	0.0541348512293481	0.0652136674540498	0.000779571792831405	0.0506432914229835	0.0426814371385251	0.00439517935581468	0.0413553096267684	0.0244658971289524	0.0781018844089875	0	0.0666547910818286	0.0184087898674995	0.0117902790829531	0.146967094000711	0.071347789790287	0.0182500002035049	0.0363306013233031	0.0599487887256952	0.07874678686869	0.0227601581533547	0.00631073443446815	0.106265541655697	0.0499504964356857	0.0446223294287433	0.0425967740090258	0.0130795706655332	0.00539768415057597	0.178505005149264	0.00741565469547125	0.090785852554867	0.0152188957084341
0.128332726115457	0.0826656498515317	0.129405040804846	0.0958419259427045	0.0958419299807694	0.0327739874904176	0.017169857844113	0.0379642204296847	0.120789659082912	0.00144113537214194	0.0674343599502441	0.117298115769116	0.0239733881833845	0.0622596314831481	0.0252995115448218	0.0421889034370814	0.144756687412142	0.0666547910818286	0	0.0482460070973789	0.0548645174733787	0.0803122769435276	0.00469297922251008	0.048404830662731	0.0303242233995309	0.126603601724211	0.0120919860962274	0.0438946183503823	0.072965530394492	0.0396107530630989	0.11660530694808	0.0220324818766455	0.0240580224892232	0.0797343567601796	0.0612571416939366	0.111850188933688	0.0592391354995335	0.0241310222365571	0.0514358920982089
0.080086708912761	0.0344196454253998	0.0811590042206385	0.0475959058117587	0.0475959211195678	0.0154720116292473	0.0310761620839488	0.086210233283779	0.0725436355949153	0.0468048808440127	0.0191883625954319	0.0690521079305115	0.0242726304612454	0.0140136105484481	0.0229465187167623	0.00605710414747778	0.096510682699948	0.0184087898674995	0.0482460070973789	0	0.0066185049561827	0.128558292156761	0.0529390010647143	0.000158785872039365	0.017921817239071	0.0783575805584423	0.0603379876919374	0.00435138937414023	0.0247195347640671	0.087856759700126	0.0683592917917463	0.0262135256159826	0.0241879924884496	0.0314883403954316	0.0130111335414108	0.160096208212295	0.0109931234698776	0.0723770432387105	0.00318987637306959
0.0734681745949322	0.0278011145447959	0.0745404917738751	0.0409773973781855	0.0409773882244093	0.0220905261665168	0.0376946777172913	0.0928287594989382	0.0659251001889031	0.0534234049698362	0.0125698554468339	0.062433565808514	0.0308911444070904	0.00739507774741355	0.0295650150837002	0.0126756351648646	0.0898921684591545	0.0117902790829531	0.0548645174733787	0.0066185049561827	0	0.135176817378387	0.059557506598371	0.00645972087307508	0.0245403229824444	0.071739072910987	0.0669565038971643	0.0109698892770173	0.0181010077251626	0.0944752751064117	0.0617407900415067	0.0328320499590944	0.0308065284941123	0.0248698172718774	0.00639262257780943	0.166714722576785	0.00437461149175216	0.0789955557632633	0.00342861948815742
0.208644991458114	0.162977943052961	0.209717306816064	0.176154209751403	0.17615419757135	0.11308628080773	0.0974821361040404	0.0423480671136059	0.201101940556804	0.0817534354787414	0.147746652873572	0.197610396002832	0.104285671884106	0.142571917913396	0.105611784153085	0.122501191887685	0.225068974286996	0.146967094000711	0.0803122769435276	0.128558292156761	0.135176817378387	0	0.075619332634405	0.128717100165819	0.11063650437039	0.206915899313823	0.0682203225309504	0.124206904273628	0.153277816566043	0.0407015428316395	0.196917614934712	0.102344768071858	0.104370293957068	0.160046633979387	0.141569434093727	0.0315379099910051	0.139551439329485	0.0561812525484749	0.13174818470649
0.133025693816028	0.0873586214183013	0.1340979925696	0.100534903209287	0.100534903467291	0.0374669609237394	0.0218628404679499	0.0332712550718794	0.125482623238987	0.00613410971190179	0.0721273368035732	0.121991100926219	0.0286663384463985	0.0669526206831763	0.0299924695838893	0.0468818800587512	0.149449656756114	0.071347789790287	0.00469297922251008	0.0529390010647143	0.059557506598371	0.075619332634405	0	0.0530977856481464	0.0350172061589931	0.131296579300525	0.0073990095982816	0.048587611639293	0.0776584967299422	0.034917779299117	0.121298282573995	0.0267254329475707	0.028750998640937	0.0844273381613579	0.0659501225523596	0.107157201418074	0.0639321294200666	0.0194380705266112	0.0561288830131729
0.0799279005291143	0.0342608475448702	0.0810002294573168	0.0474371225875777	0.0474371202983875	0.0156308244827454	0.0312349754350675	0.0863690364188526	0.0723848371877496	0.0469636645308879	0.0190295804312896	0.0688932994702175	0.0244314369234036	0.0138548103201368	0.0231053264964975	0.00621590929607079	0.0963518920998743	0.0182500002035049	0.048404830662731	0.000158785872039365	0.00645972087307508	0.128717100165819	0.0530977856481464	0	0.0180805973398056	0.0781987984820186	0.0604967984370375	0.00451016694918521	0.024560720995792	0.0880155673598196	0.0682004918847181	0.026372350387897	0.0243467944984814	0.0313295343407629	0.0128523334320089	0.160254995910196	0.0108343175334089	0.0725358405808516	0.00303109263865083
0.0980084919496911	0.0523414595329115	0.0990808220572655	0.0655177046677646	0.0655177277910262	0.00244979510271978	0.0131543593523735	0.0682884384654181	0.0904654323274144	0.0288830742456961	0.0371101655008286	0.0869738859746117	0.00635082361091018	0.0319354239500735	0.00502472095412658	0.0118646974883261	0.114432482160041	0.0363306013233031	0.0303242233995309	0.017921817239071	0.0245403229824444	0.11063650437039	0.0350172061589931	0.0180805973398056	0	0.0962794088975371	0.0424161862900862	0.0135704204470837	0.0426413305451895	0.0699349671547173	0.0862811069338557	0.00829173444364726	0.00626618188908335	0.0494101602690541	0.0309329360072935	0.142174402955733	0.0289149357382397	0.0544552533582989	0.0211116774876355
0.00172910111589558	0.043937963982134	0.00280141509521513	0.0307616822351506	0.0307616857707085	0.0938296202760869	0.109433741881677	0.164567816920717	0.00581396282092794	0.125162465596369	0.059169223763859	0.00930548038711573	0.102630218534873	0.0643439787340532	0.10130412555218	0.0844146943647783	0.0181530796670449	0.0599487887256952	0.126603601724211	0.0783575805584423	0.071739072910987	0.206915899313823	0.131296579300525	0.0781987984820186	0.0962794088975371	0	0.138695605447607	0.0827089802401592	0.0536380820897015	0.166214362874458	0.00999829157245939	0.104571140778096	0.102545603438526	0.0468692385746484	0.0653464513105522	0.238453808531729	0.0673644588136748	0.150734636809575	0.0751677093951997
0.14042468661008	0.094757635762434	0.141496991195778	0.107933870988864	0.107933880376791	0.0448659535356361	0.029261831715764	0.0258722583093943	0.132881619630956	0.0135331229021711	0.0795263482731416	0.12939006664392	0.0360653493588252	0.0743516188840978	0.0373914588891412	0.0542808850185643	0.156848671529956	0.07874678686869	0.0120919860962274	0.0603379876919374	0.0669565038971643	0.0682203225309504	0.0073990095982816	0.0604967984370375	0.0424161862900862	0.138695605447607	0	0.0559866107084734	0.0850575207834865	0.0275187716663528	0.128697302967848	0.0341244616367955	0.0361499919931449	0.0918263631326031	0.0733491090157754	0.0997582335739778	0.0713311312903164	0.0120390497040974	0.0635278709996621
0.0844380839906564	0.0387710246626306	0.0855103959968899	0.0519472793865153	0.0519473052440356	0.0111206323147771	0.0267247796863514	0.0818588643316262	0.0768950081941102	0.0424534809800922	0.0235397420580118	0.0734034808753481	0.0199212572287183	0.0183650018889065	0.0185951461288875	0.00170574176785573	0.100862064332355	0.0227601581533547	0.0438946183503823	0.00435138937414023	0.0109698892770173	0.124206904273628	0.048587611639293	0.00451016694918521	0.0135704204470837	0.0827089802401592	0.0559866107084734	0	0.0290708957694942	0.0835053706948908	0.0727106915324282	0.0218621423804159	0.0198366033048123	0.0358397509696854	0.017362517941597	0.155744827910254	0.0153445371469158	0.0680256673674986	0.00754125804511435
0.0553671849443507	0.00970012070954229	0.0564394921538598	0.0228763955028456	0.0228763904445667	0.0401915381560187	0.0557956895228019	0.110929744952517	0.0478240901038429	0.0715244094031177	0.00553115225979963	0.0443325761551029	0.0489921530775931	0.0107059177515094	0.0476660361411146	0.0307766291632046	0.0717911693490563	0.00631073443446815	0.072965530394492	0.0247195347640671	0.0181010077251626	0.153277816566043	0.0776584967299422	0.024560720995792	0.0426413305451895	0.0536380820897015	0.0850575207834865	0.0290708957694942	0	0.112576287600805	0.0436397841801726	0.0509330613993436	0.0489075269605327	0.00676884062366914	0.0117083921685026	0.184815720156135	0.0137263890844613	0.097096557957729	0.0215296178159906
0.167943464772982	0.122276407877825	0.16901577417516	0.135452687078326	0.135452685995427	0.0723847466948846	0.0567805859604106	0.0016465355550143	0.160400405542891	0.0410518906555467	0.107045120754012	0.15690888424308	0.0635841449896446	0.101870375325372	0.0649102528823065	0.0817996787535664	0.184367441181957	0.106265541655697	0.0396107530630989	0.087856759700126	0.0944752751064117	0.0407015428316395	0.034917779299117	0.0880155673598196	0.0699349671547173	0.166214362874458	0.0275187716663528	0.0835053706948908	0.112576287600805	0	0.156216065492491	0.0616432273365365	0.0636687670203188	0.119345117129114	0.10086790514358	0.0722394343969401	0.0988498983315061	0.0154797251431694	0.091046652985751
0.0117273861310757	0.0339396448358967	0.0127997274541071	0.020763392154471	0.0207633870235463	0.0838313189174389	0.099435455606245	0.154569528293663	0.0041843594648995	0.115164162782852	0.0491709403255561	0.000692808952493984	0.092631934442497	0.0543456964698193	0.0913058043834219	0.0744164035270255	0.0281513887207572	0.0499504964356857	0.11660530694808	0.0683592917917463	0.0617407900415067	0.196917614934712	0.121298282573995	0.0682004918847181	0.0862811069338557	0.00999829157245939	0.128697302967848	0.0727106915324282	0.0436397841801726	0.156216065492491	0	0.0945728322116094	0.0925473143600578	0.0368709379163521	0.0553481551343251	0.228455505013102	0.0573661593548343	0.140736337623589	0.0651694204263894
0.10630021992218	0.0606331862019609	0.107372570576384	0.0738094484985571	0.0738094708840859	0.0107415204616991	0.00486261730228444	0.0599967028931509	0.0987571736438014	0.020591337910196	0.0454018987138658	0.0952656322931645	0.00194091592692074	0.0402271440472773	0.00326700372760018	0.0201564193900888	0.122724229444131	0.0446223294287433	0.0220324818766455	0.0262135256159826	0.0328320499590944	0.102344768071858	0.0267254329475707	0.026372350387897	0.00829173444364726	0.104571140778096	0.0341244616367955	0.0218621423804159	0.0509330613993436	0.0616432273365365	0.0945728322116094	0	0.0020255314176978	0.057701887473227	0.0392246814999414	0.133882669347908	0.0372066584219155	0.0461635122602035	0.0294034217775781
0.104274692919042	0.0586076534187825	0.105347008246103	0.0717839090012254	0.0717839020685314	0.00871597582430298	0.00688814745151627	0.062022228656815	0.0967316353681608	0.0226168862460191	0.0433763616152278	0.0932401048810598	8.4632575123228e-05	0.0382016126521088	0.00124149534364304	0.0181308980002419	0.120698702644062	0.0425967740090258	0.0240580224892232	0.0241879924884496	0.0308065284941123	0.104370293957068	0.028750998640937	0.0243467944984814	0.00626618188908335	0.102545603438526	0.0361499919931449	0.0198366033048123	0.0489075269605327	0.0636687670203188	0.0925473143600578	0.0020255314176978	0	0.0556763449860787	0.0371991297229161	0.135908213396298	0.0351811361730134	0.0481890514965107	0.027377891234793
0.0485983536482265	0.00293127840997695	0.0496706704908567	0.0161075748426978	0.0161075601578577	0.0469603878317869	0.062564526868463	0.117698597521843	0.0410552870447404	0.0782932310538662	0.0122999938237129	0.0375637313407244	0.0557609697911409	0.0174747506596823	0.0544348831346471	0.0375454692964014	0.0650223249779813	0.0130795706655332	0.0797343567601796	0.0314883403954316	0.0248698172718774	0.160046633979387	0.0844273381613579	0.0313295343407629	0.0494101602690541	0.0468692385746484	0.0918263631326031	0.0358397509696854	0.00676884062366914	0.119345117129114	0.0368709379163521	0.057701887473227	0.0556763449860787	0	0.0184772250327944	0.191584558906917	0.0204952062811591	0.103865410861016	0.0282984695701863
0.0670755505986189	0.0214085046202576	0.0681478845155094	0.0345847707884653	0.0345847571743704	0.0284831432349887	0.0440872731976115	0.0992213674179915	0.0595324980335374	0.0598160155148543	0.00617722055869698	0.0560409740102791	0.0372837598052363	0.00100249467131135	0.0359576242191588	0.0190682360895563	0.083499558557235	0.00539768415057597	0.0612571416939366	0.0130111335414108	0.00639262257780943	0.141569434093727	0.0659501225523596	0.0128523334320089	0.0309329360072935	0.0653464513105522	0.0733491090157754	0.017362517941597	0.0117083921685026	0.10086790514358	0.0553481551343251	0.0392246814999414	0.0371991297229161	0.0184772250327944	0	0.173107321737305	0.00201799001034442	0.0853881802241145	0.00982125155399743
0.240182886653779	0.194515835625313	0.241255236562813	0.207692131692467	0.207692111857318	0.144624204642119	0.129020027607018	0.0738859524791123	0.23263984135583	0.113291335321855	0.179284546632929	0.229148301322141	0.135823564704481	0.174109825848234	0.137149708260063	0.154039087658952	0.256606878490985	0.178505005149264	0.111850188933688	0.160096208212295	0.166714722576785	0.0315379099910051	0.107157201418074	0.160254995910196	0.142174402955733	0.238453808531729	0.0997582335739778	0.155744827910254	0.184815720156135	0.0722394343969401	0.228455505013102	0.133882669347908	0.135908213396298	0.191584558906917	0.173107321737305	0	0.171089340509382	0.0877191386252071	0.163286077858218
0.0690935592635199	0.0234265032462647	0.0701658827024713	0.0366027732247534	0.0366027683040338	0.0264651447783543	0.0420692941356904	0.0972033851233692	0.0615505023485183	0.0577979950401842	0.00819521267197075	0.0580589603748211	0.0352657634471385	0.00302046932933989	0.0339396482861905	0.0170502291589273	0.0855175632401172	0.00741565469547125	0.0592391354995335	0.0109931234698776	0.00437461149175216	0.139551439329485	0.0639321294200666	0.0108343175334089	0.0289149357382397	0.0673644588136748	0.0713311312903164	0.0153445371469158	0.0137263890844613	0.0988498983315061	0.0573661593548343	0.0372066584219155	0.0351811361730134	0.0204952062811591	0.00201799001034442	0.171089340509382	0	0.0833701883876367	0.00780326205414123
0.15246373890921	0.106796694778024	0.153536074739948	0.119972954519806	0.11997296226383	0.0569050181123232	0.0413008819457874	0.0138332014636813	0.14492068323555	0.0255721693091541	0.0915654013406026	0.141429144723289	0.0481044109443483	0.0863906736130927	0.049430529446043	0.0663199336186831	0.168887733634851	0.090785852554867	0.0241310222365571	0.0723770432387105	0.0789955557632633	0.0561812525484749	0.0194380705266112	0.0725358405808516	0.0544552533582989	0.150734636809575	0.0120390497040974	0.0680256673674986	0.097096557957729	0.0154797251431694	0.140736337623589	0.0461635122602035	0.0481890514965107	0.103865410861016	0.0853881802241145	0.0877191386252071	0.0833701883876367	0	0.0755669242456624
0.0768968123289734	0.0312297584855483	0.0779691371594567	0.0444060077388194	0.0444060262178508	0.0186618895109526	0.0342660492802211	0.0894001330829639	0.0693537510178582	0.0499947723861991	0.015998482328669	0.0658622188066155	0.0274625274999731	0.0108237202926499	0.026136411333074	0.00924701661000521	0.0933208013822603	0.0152188957084341	0.0514358920982089	0.00318987637306959	0.00342861948815742	0.13174818470649	0.0561288830131729	0.00303109263865083	0.0211116774876355	0.0751677093951997	0.0635278709996621	0.00754125804511435	0.0215296178159906	0.091046652985751	0.0651694204263894	0.0294034217775781	0.027377891234793	0.0282984695701863	0.00982125155399743	0.163286077858218	0.00780326205414123	0.0755669242456624	0
