0	0.045667051447442	0.00107232120135803	0.032490783386678	0.032490783386678	0.095558715457974	0.111162854351186	0.166296935509028	0.00754305889027396	0.126891567437281	0.060898336562986	0.011034595689312	0.104359327516187	0.066073082974835	0.103033212631654	0.086143799667065	0.016423985251332	0.061677902475427	0.128332710374319	0.080086695574589	0.073468175720399	0.208644993192066	0.133025684077908	0.079927896708139	0.098008496357005	0.00172910135015397	0.140424685823547	0.084438077389692	0.055367173149674	0.167943460974451	0.011727394041118	0.10630023043346	0.104274694892696	0.04859834090224	0.067075564833005	0.240182897221178	0.069093561323197	0.152463739877716	0.076896808184695
0.045667051447442	0	0.0467393726488	0.013176268060764	0.013176268060764	0.049891664010532	0.065495802903744	0.120629884061586	0.038123992557168	0.081224515989839	0.015231285115544	0.03463245575813	0.058692276068745	0.020406031527393	0.057366161184212	0.040476748219623	0.062091036698774	0.016010851027985	0.082665658926877	0.034419644127147	0.027801124272957	0.162977941744624	0.087358632630466	0.034260845260697	0.052341444909563	0.043937950097288	0.094757634376105	0.03877102594225	0.009700121702232	0.122276409527009	0.033939657406324	0.060633178986018	0.058607643445254	0.00293128945479798	0.021408513385563	0.194515845773736	0.023426509875755	0.106796688430274	0.031229756737253
0.00107232120135803	0.0467393726488	0	0.033563104588036	0.033563104588036	0.096631036659332	0.112235175552544	0.167369256710386	0.00861538009163199	0.127963888638639	0.061970657764344	0.01210691689067	0.105431648717545	0.067145404176193	0.104105533833012	0.087216120868423	0.015351664049974	0.062750223676785	0.129405031575677	0.081159016775947	0.074540496921757	0.209717314393424	0.134098005279266	0.081000217909497	0.099080817558363	0.002801422551512	0.141497007024905	0.08551039859105	0.056439494351032	0.169015782175809	0.012799715242476	0.107372551634818	0.105347016094054	0.049670662103598	0.068147886034363	0.241255218422536	0.070165882524555	0.153536061079074	0.077969129386053
0.032490783386678	0.013176268060764	0.033563104588036	0	0	0.063067932071296	0.078672070964508	0.13380615212235	0.024947724496404	0.094400784050603	0.028407553176308	0.021456187697366	0.071868544129509	0.033582299588157	0.070542429244976	0.053653016280387	0.04891476863801	0.029187119088749	0.095841926987641	0.047595912187911	0.040977392333721	0.176154209805388	0.10053490069123	0.047437113321461	0.065517712970327	0.030761682036524	0.107933902436869	0.051947294003014	0.022876389762996	0.135452677587773	0.02076338934556	0.073809447046782	0.071783911506018	0.016107557515562	0.034584781446327	0.2076921138345	0.036602777936519	0.119972956491038	0.044406024798017
0.032490783386678	0.013176268060764	0.033563104588036	0	0	0.063067932071296	0.078672070964508	0.13380615212235	0.024947724496404	0.094400784050603	0.028407553176308	0.021456187697366	0.071868544129509	0.033582299588157	0.070542429244976	0.053653016280387	0.04891476863801	0.029187119088749	0.095841926987641	0.047595912187911	0.040977392333721	0.176154209805388	0.10053490069123	0.047437113321461	0.065517712970327	0.030761682036524	0.107933902436869	0.051947294003014	0.022876389762996	0.135452677587773	0.02076338934556	0.073809447046782	0.071783911506018	0.016107557515562	0.034584781446327	0.2076921138345	0.036602777936519	0.119972956491038	0.044406024798017
0.095558715457974	0.049891664010532	0.096631036659332	0.063067932071296	0.063067932071296	0	0.015604138893212	0.070738220051054	0.0880156565677	0.031332851979307	0.034660378894988	0.084524119768662	0.00880061205821303	0.029485632483139	0.00747449717368004	0.00941491579090897	0.111982700709306	0.033880812982547	0.032773994916345	0.015472019883385	0.022090539737575	0.113086277734092	0.037466968619934	0.015630818749835	0.00244978089903103	0.09382961410782	0.044865970365573	0.011120638068282	0.0401915423083	0.072384745516477	0.083831321416856	0.010741514975486	0.00871597943472202	0.046960374555734	0.028483150624969	0.144624181763204	0.026465154134777	0.056905024419742	0.018661907273279
0.111162854351186	0.065495802903744	0.112235175552544	0.078672070964508	0.078672070964508	0.015604138893212	0	0.055134081157842	0.103619795460912	0.015728713086095	0.0502645177882	0.100128258661874	0.00680352683499902	0.045089771376351	0.00812964171953201	0.025019054684121	0.127586839602518	0.049484951875759	0.017169856023133	0.031076158776597	0.037694678630787	0.09748213884088	0.021862829726722	0.031234957643047	0.013154357994181	0.109433753001032	0.029261831472361	0.026724776961494	0.055795681201512	0.056780606623265	0.099435460310068	0.00486262391772602	0.00688815945849003	0.062564513448946	0.044087289518181	0.129020042869992	0.042069293027989	0.0413008855265299	0.034266046166491
0.166296935509028	0.120629884061586	0.167369256710386	0.13380615212235	0.13380615212235	0.070738220051054	0.055134081157842	0	0.158753876618754	0.039405368071747	0.105398598946042	0.155262339819716	0.061937607992841	0.100223852534193	0.063263722877374	0.080153135841963	0.18272092076036	0.104619033033601	0.037964225134709	0.086210239934439	0.092828759788629	0.0423480576830381	0.03327125143112	0.086369038800889	0.068288439152023	0.164567834158874	0.025872249685481	0.081858858119336	0.110929762359354	0.00164652546542299	0.15456954146791	0.059996705075568	0.062022240616332	0.117698594606788	0.099221370676023	0.07388596171215	0.097203374185831	0.013833195631312	0.089400127324333
0.00754305889027396	0.038123992557168	0.00861538009163199	0.024947724496404	0.024947724496404	0.0880156565677	0.103619795460912	0.158753876618754	0	0.119348508547007	0.053355277672712	0.00349153679903802	0.096816268625913	0.058530024084561	0.09549015374138	0.078600740776791	0.023967044141606	0.054134843585153	0.120789651484045	0.072543636684315	0.065925116830125	0.201101934301792	0.125482625187634	0.072384837817865	0.090465437466731	0.00581395754011999	0.132881626933273	0.076895018499418	0.0478241142594	0.160400402084177	0.00418433515084404	0.098757171543186	0.096731636002422	0.041055282011966	0.059532505942731	0.232639838330904	0.061550502432923	0.144920680987442	0.069353749294421
0.126891567437281	0.081224515989839	0.127963888638639	0.094400784050603	0.094400784050603	0.031332851979307	0.015728713086095	0.039405368071747	0.119348508547007	0	0.065993230874295	0.115856971747969	0.022532239921094	0.060818484462446	0.023858354805627	0.040747767770216	0.143315552688613	0.065213664961854	0.00144114293703801	0.046804871862692	0.053423391716882	0.0817534257547851	0.00613411664062702	0.046963670729142	0.028883071080276	0.125162466087127	0.013533118386266	0.042453490047589	0.071524394287607	0.04105189353717	0.115164173396163	0.020591337003821	0.022616872544585	0.078293226535041	0.059816002604276	0.113291329783897	0.057798006114084	0.025572172440435	0.049994759252586
0.060898336562986	0.015231285115544	0.061970657764344	0.028407553176308	0.028407553176308	0.034660378894988	0.0502645177882	0.105398598946042	0.053355277672712	0.065993230874295	0	0.049863740873674	0.043460990953201	0.00517474641184901	0.042134876068668	0.025245463104079	0.077322321814318	0.000779565912440994	0.067434373811333	0.019188359011603	0.012569839157413	0.14774665662908	0.072127347514922	0.019029560145153	0.037110159794019	0.059169235212832	0.079526349260561	0.023539740826706	0.005531163413312	0.107045124411465	0.049170942521868	0.045401893870474	0.04337635832971	0.012299995660746	0.00617722827001899	0.179284560658192	0.00819522476021101	0.09156540331473	0.015998471621709
0.011034595689312	0.03463245575813	0.01210691689067	0.021456187697366	0.021456187697366	0.084524119768662	0.100128258661874	0.155262339819716	0.00349153679903802	0.115856971747969	0.049863740873674	0	0.093324731826875	0.055038487285523	0.091998616942342	0.075109203977753	0.027458580940644	0.050643306786115	0.117298114685007	0.069052099885277	0.062433580031087	0.197610397502754	0.121991088388596	0.068893301018827	0.086973900667693	0.009305494339158	0.129390090134235	0.07340348170038	0.044332577460362	0.156908865285139	0.000692798351806023	0.095265634744148	0.093240099203384	0.037563745212928	0.056040969143693	0.229148301531866	0.058058965633885	0.141429144188404	0.065862212495383
0.104359327516187	0.058692276068745	0.105431648717545	0.071868544129509	0.071868544129509	0.00880061205821303	0.00680352683499902	0.061937607992841	0.096816268625913	0.022532239921094	0.043460990953201	0.093324731826875	0	0.038286244541352	0.00132611488453299	0.018215527849122	0.120783312767519	0.04268142504076	0.023973382858132	0.024272631941598	0.030891151795788	0.104285665675879	0.028666356561721	0.024431430808048	0.006350831159182	0.102630226166033	0.03606535830736	0.019921250126495	0.048992154366513	0.063584133458264	0.092631933475069	0.001940902917273	8.463262349101e-05	0.055760986613947	0.037283762683182	0.135823569704991	0.03526576619299	0.048104412361529	0.027462519331492
0.066073082974835	0.020406031527393	0.067145404176193	0.033582299588157	0.033582299588157	0.029485632483139	0.045089771376351	0.100223852534193	0.058530024084561	0.060818484462446	0.00517474641184901	0.055038487285523	0.038286244541352	0	0.036960129656819	0.02007071669223	0.082497068226167	0.00439518049940801	0.062259627399484	0.014013612599754	0.00739509274556399	0.142571910217231	0.066952601103073	0.013854813733304	0.03193541338217	0.064343981624681	0.074351602848712	0.018364994414857	0.010705909825161	0.101870377999616	0.054345688933717	0.040227147458625	0.038201611917861	0.017474742072595	0.00100248185816998	0.174109814246343	0.003020478348362	0.0863906569028809	0.01082372520986
0.103033212631654	0.057366161184212	0.104105533833012	0.070542429244976	0.070542429244976	0.00747449717368004	0.00812964171953201	0.063263722877374	0.09549015374138	0.023858354805627	0.042134876068668	0.091998616942342	0.00132611488453299	0.036960129656819	0	0.016889412964589	0.119457197882986	0.041355310156227	0.025299497742665	0.022946517057065	0.029565036911255	0.105611780560412	0.029992471446254	0.023105315923515	0.00502471627464901	0.1013041112815	0.037391473191893	0.018595135241962	0.04766603948198	0.064910248342797	0.091305818590536	0.00326701780180599	0.00124148226104198	0.054434871729414	0.035957647798649	0.137149684589524	0.033939651308457	0.049430527246062	0.026136404446959
0.086143799667065	0.040476748219623	0.087216120868423	0.053653016280387	0.053653016280387	0.00941491579090897	0.025019054684121	0.080153135841963	0.078600740776791	0.040747767770216	0.025245463104079	0.075109203977753	0.018215527849122	0.02007071669223	0.016889412964589	0	0.102567784918397	0.024465897191638	0.042188910707254	0.00605710409247601	0.012675623946666	0.122501193525001	0.046881884410843	0.00621590295892599	0.01186469668994	0.084414698316911	0.054280886156482	0.00170572227737298	0.030776626517391	0.081799661307386	0.074416405625947	0.020156430766395	0.018130895225631	0.037545458764825	0.01906823483406	0.154039097554113	0.017050238343868	0.066319940210651	0.00924699148237002
0.016423985251332	0.062091036698774	0.015351664049974	0.04891476863801	0.04891476863801	0.111982700709306	0.127586839602518	0.18272092076036	0.023967044141606	0.143315552688613	0.077322321814318	0.027458580940644	0.120783312767519	0.082497068226167	0.119457197882986	0.102567784918397	0	0.078101887726759	0.144756695625651	0.096510680825921	0.089892160971731	0.225068978443398	0.14944966932924	0.096351881959471	0.114432481608337	0.018153086601486	0.156848671074879	0.100862062641024	0.071791158401006	0.184367446225783	0.02815137929245	0.122724215684792	0.120698680144028	0.065022326153572	0.083499550084337	0.25660688247251	0.085517546574529	0.168887725129048	0.093320793436027
0.061677902475427	0.016010851027985	0.062750223676785	0.029187119088749	0.029187119088749	0.033880812982547	0.049484951875759	0.104619033033601	0.054134843585153	0.065213664961854	0.000779565912440994	0.050643306786115	0.04268142504076	0.00439518049940801	0.041355310156227	0.024465897191638	0.078101887726759	0	0.066654807898892	0.018408793099162	0.011790273244972	0.146967090716639	0.071347781602481	0.018249994232712	0.036330593881578	0.059948801125273	0.07874678334812	0.022760174914265	0.006310729325753	0.106265558499024	0.049950508434309	0.044622327958033	0.042596792417269	0.013079561573187	0.00539766235757799	0.178504994745751	0.00741565884777001	0.090785837402289	0.015218905709268
0.128332710374319	0.082665658926877	0.129405031575677	0.095841926987641	0.095841926987641	0.032773994916345	0.017169856023133	0.037964225134709	0.120789651484045	0.00144114293703801	0.067434373811333	0.117298114685007	0.023973382858132	0.062259627399484	0.025299497742665	0.042188910707254	0.144756695625651	0.066654807898892	0	0.04824601479973	0.05486453465392	0.080312282817747	0.00469297370358901	0.04840481366618	0.030324214017314	0.126603609024165	0.012091975449228	0.043894632984627	0.072965537224645	0.039610750600132	0.116605316333201	0.022032479940859	0.024058015481623	0.079734369472079	0.061257145541314	0.111850186846859	0.059239149051122	0.024131029503397	0.051435902189624
0.080086695574589	0.034419644127147	0.081159016775947	0.047595912187911	0.047595912187911	0.015472019883385	0.031076158776597	0.086210239934439	0.072543636684315	0.046804871862692	0.019188359011603	0.069052099885277	0.024272631941598	0.014013612599754	0.022946517057065	0.00605710409247601	0.096510680825921	0.018408793099162	0.04824601479973	0	0.00661851985418999	0.128558297617477	0.052938988503319	0.000158798866449983	0.017921800782416	0.078357594224435	0.060337990248958	0.00435138181510303	0.024719522424915	0.087856765399862	0.068359301533471	0.026213534858871	0.024187999318107	0.031488354672349	0.013011130741584	0.160096201646589	0.010993134251392	0.072377044303127	0.00318988738989401
0.073468175720399	0.027801124272957	0.074540496921757	0.040977392333721	0.040977392333721	0.022090539737575	0.037694678630787	0.092828759788629	0.065925116830125	0.053423391716882	0.012569839157413	0.062433580031087	0.030891151795788	0.00739509274556399	0.029565036911255	0.012675623946666	0.089892160971731	0.011790273244972	0.05486453465392	0.00661851985418999	0	0.135176817471667	0.059557508357509	0.00645972098774	0.024540320636606	0.071739074370245	0.066956510103148	0.010969901669293	0.018101002570725	0.094475285254052	0.061740781679281	0.032832054713061	0.030806519172297	0.024869834818159	0.00639261088739401	0.166714721500779	0.00437461439720199	0.078995564157317	0.00342863246429598
0.208644993192066	0.162977941744624	0.209717314393424	0.176154209805388	0.176154209805388	0.113086277734092	0.09748213884088	0.0423480576830381	0.201101934301792	0.0817534257547851	0.14774665662908	0.197610397502754	0.104285665675879	0.142571910217231	0.105611780560412	0.122501193525001	0.225068978443398	0.146967090716639	0.080312282817747	0.128558297617477	0.135176817471667	0	0.075619309114158	0.128717096483927	0.110636496835061	0.206915891841912	0.068220307368519	0.124206915802374	0.153277820042392	0.0407015322176151	0.196917599150948	0.102344762758606	0.10437029829937	0.160046652289826	0.141569428359061	0.0315379040291119	0.139551431868869	0.0561812533143501	0.131748185007371
0.133025684077908	0.087358632630466	0.134098005279266	0.10053490069123	0.10053490069123	0.037466968619934	0.021862829726722	0.03327125143112	0.125482625187634	0.00613411664062702	0.072127347514922	0.121991088388596	0.028666356561721	0.066952601103073	0.029992471446254	0.046881884410843	0.14944966932924	0.071347781602481	0.00469297370358901	0.052938988503319	0.059557508357509	0.075619309114158	0	0.053097787369769	0.035017187720903	0.131296582727754	0.00739900174563901	0.048587606688216	0.077658510928234	0.034917776896543	0.12129829003679	0.026725453644448	0.028750989185212	0.084427343175668	0.065950119244903	0.10715721314327	0.063932122754711	0.019438055799808	0.056128875893213
0.079927896708139	0.034260845260697	0.081000217909497	0.047437113321461	0.047437113321461	0.015630818749835	0.031234957643047	0.086369038800889	0.072384837817865	0.046963670729142	0.019029560145153	0.068893301018827	0.024431430808048	0.013854813733304	0.023105315923515	0.00621590295892599	0.096351881959471	0.018249994232712	0.04840481366618	0.000158798866449983	0.00645972098774	0.128717096483927	0.053097787369769	0	0.018080599648866	0.078198795357985	0.060496789115408	0.00451018068155301	0.024560723558465	0.088015564266312	0.068200502667021	0.026372333725321	0.024346798184557	0.031329555805899	0.012852331875134	0.160255000513039	0.010834335384942	0.072535843169577	0.00303108852344403
0.098008496357005	0.052341444909563	0.099080817558363	0.065517712970327	0.065517712970327	0.00244978089903103	0.013154357994181	0.068288439152023	0.090465437466731	0.028883071080276	0.037110159794019	0.086973900667693	0.006350831159182	0.03193541338217	0.00502471627464901	0.01186469668994	0.114432481608337	0.036330593881578	0.030324214017314	0.017921800782416	0.024540320636606	0.110636496835061	0.035017187720903	0.018080599648866	0	0.096279395006851	0.042416189466542	0.013570418967313	0.042641323207331	0.069934964617446	0.086281102315887	0.008291734076455	0.00626619853569099	0.049410155454765	0.030932931524	0.142174400864173	0.028914935033808	0.054455243520711	0.02111168817231
0.00172910135015397	0.043937950097288	0.002801422551512	0.030761682036524	0.030761682036524	0.09382961410782	0.109433753001032	0.164567834158874	0.00581395754011999	0.125162466087127	0.059169235212832	0.009305494339158	0.102630226166033	0.064343981624681	0.1013041112815	0.084414698316911	0.018153086601486	0.059948801125273	0.126603609024165	0.078357594224435	0.071739074370245	0.206915891841912	0.131296582727754	0.078198795357985	0.096279395006851	0	0.138695584473393	0.082708976039538	0.05363807179952	0.166214359624297	0.00999829269096403	0.104571129083306	0.102545593542542	0.046869239552086	0.065346463482851	0.238453795871024	0.067364459973043	0.150734638527562	0.075167706834541
0.140424685823547	0.094757634376105	0.141497007024905	0.107933902436869	0.107933902436869	0.044865970365573	0.029261831472361	0.025872249685481	0.132881626933273	0.013533118386266	0.079526349260561	0.129390090134235	0.03606535830736	0.074351602848712	0.037391473191893	0.054280886156482	0.156848671074879	0.07874678334812	0.012091975449228	0.060337990248958	0.066956510103148	0.068220307368519	0.00739900174563901	0.060496789115408	0.042416189466542	0.138695584473393	0	0.055986608433855	0.085057512673873	0.027518775150904	0.128697291782429	0.034124455390087	0.036149990930851	0.091826344921307	0.073349120990542	0.099758211397631	0.07133112450035	0.0120390540541689	0.063527877638852
0.084438077389692	0.03877102594225	0.08551039859105	0.051947294003014	0.051947294003014	0.011120638068282	0.026724776961494	0.081858858119336	0.076895018499418	0.042453490047589	0.023539740826706	0.07340348170038	0.019921250126495	0.018364994414857	0.018595135241962	0.00170572227737298	0.100862062641024	0.022760174914265	0.043894632984627	0.00435138181510303	0.010969901669293	0.124206915802374	0.048587606688216	0.00451018068155301	0.013570418967313	0.082708976039538	0.055986608433855	0	0.029070904240018	0.083505383584759	0.072710683348574	0.021862153043768	0.019836617503004	0.035839736487452	0.017362512556687	0.155744819831486	0.015344516066495	0.0680256624880239	0.00754126920499704
0.055367173149674	0.009700121702232	0.056439494351032	0.022876389762996	0.022876389762996	0.0401915423083	0.055795681201512	0.110929762359354	0.0478241142594	0.071524394287607	0.005531163413312	0.044332577460362	0.048992154366513	0.010705909825161	0.04766603948198	0.030776626517391	0.071791158401006	0.006310729325753	0.072965537224645	0.024719522424915	0.018101002570725	0.153277820042392	0.077658510928234	0.024560723558465	0.042641323207331	0.05363807179952	0.085057512673873	0.029070904240018	0	0.112576287824777	0.043639779108556	0.050933057283786	0.048907521743022	0.00676883224743402	0.011708391683331	0.184815724071504	0.013726388173523	0.097096566728042	0.021529635035021
0.167943460974451	0.122276409527009	0.169015782175809	0.135452677587773	0.135452677587773	0.072384745516477	0.056780606623265	0.00164652546542299	0.160400402084177	0.04105189353717	0.107045124411465	0.156908865285139	0.063584133458264	0.101870377999616	0.064910248342797	0.081799661307386	0.184367446225783	0.106265558499024	0.039610750600132	0.087856765399862	0.094475285254052	0.0407015322176151	0.034917776896543	0.088015564266312	0.069934964617446	0.166214359624297	0.027518775150904	0.083505383584759	0.112576287824777	0	0.156216066933333	0.061643230540991	0.063668766081755	0.119345120072211	0.100867896141446	0.072239436246727	0.098849899651254	0.015479721096735	0.091046652789756
0.011727394041118	0.033939657406324	0.012799715242476	0.02076338934556	0.02076338934556	0.083831321416856	0.099435460310068	0.15456954146791	0.00418433515084404	0.115164173396163	0.049170942521868	0.000692798351806023	0.092631933475069	0.054345688933717	0.091305818590536	0.074416405625947	0.02815137929245	0.049950508434309	0.116605316333201	0.068359301533471	0.061740781679281	0.196917599150948	0.12129829003679	0.068200502667021	0.086281102315887	0.00999829269096403	0.128697291782429	0.072710683348574	0.043639779108556	0.156216066933333	0	0.094572836392342	0.092547300851578	0.036870946861122	0.055348170791887	0.22845550318006	0.057366167282079	0.140736345836598	0.065169414143577
0.10630023043346	0.060633178986018	0.107372551634818	0.073809447046782	0.073809447046782	0.010741514975486	0.00486262391772602	0.059996705075568	0.098757171543186	0.020591337003821	0.045401893870474	0.095265634744148	0.001940902917273	0.040227147458625	0.00326701780180599	0.020156430766395	0.122724215684792	0.044622327958033	0.022032479940859	0.026213534858871	0.032832054713061	0.102344762758606	0.026725453644448	0.026372333725321	0.008291734076455	0.104571129083306	0.034124455390087	0.021862153043768	0.050933057283786	0.061643230540991	0.094572836392342	0	0.00202553554076401	0.05770188953122	0.039224665600455	0.133882666787718	0.037206669110263	0.046163509444256	0.029403422248765
0.104274694892696	0.058607643445254	0.105347016094054	0.071783911506018	0.071783911506018	0.00871597943472202	0.00688815945849003	0.062022240616332	0.096731636002422	0.022616872544585	0.04337635832971	0.093240099203384	8.463262349101e-05	0.038201611917861	0.00124148226104198	0.018130895225631	0.120698680144028	0.042596792417269	0.024058015481623	0.024187999318107	0.030806519172297	0.10437029829937	0.028750989185212	0.024346798184557	0.00626619853569099	0.102545593542542	0.036149990930851	0.019836617503004	0.048907521743022	0.063668766081755	0.092547300851578	0.00202553554076401	0	0.055676353990456	0.037199130059691	0.135908202328482	0.035181133569499	0.04818904498502	0.027377886708001
0.04859834090224	0.00293128945479798	0.049670662103598	0.016107557515562	0.016107557515562	0.046960374555734	0.062564513448946	0.117698594606788	0.041055282011966	0.078293226535041	0.012299995660746	0.037563745212928	0.055760986613947	0.017474742072595	0.054434871729414	0.037545458764825	0.065022326153572	0.013079561573187	0.079734369472079	0.031488354672349	0.024869834818159	0.160046652289826	0.084427343175668	0.031329555805899	0.049410155454765	0.046869239552086	0.091826344921307	0.035839736487452	0.00676883224743402	0.119345120072211	0.036870946861122	0.05770188953122	0.055676353990456	0	0.018477223930765	0.191584556318938	0.020495220420957	0.103865398975476	0.028298467282455
0.067075564833005	0.021408513385563	0.068147886034363	0.034584781446327	0.034584781446327	0.028483150624969	0.044087289518181	0.099221370676023	0.059532505942731	0.059816002604276	0.00617722827001899	0.056040969143693	0.037283762683182	0.00100248185816998	0.035957647798649	0.01906823483406	0.083499550084337	0.00539766235757799	0.061257145541314	0.013011130741584	0.00639261088739401	0.141569428359061	0.065950119244903	0.012852331875134	0.030932931524	0.065346463482851	0.073349120990542	0.017362512556687	0.011708391683331	0.100867896141446	0.055348170791887	0.039224665600455	0.037199130059691	0.018477223930765	0	0.173107332388173	0.00201799649019202	0.085388175044711	0.00982124335168999
0.240182897221178	0.194515845773736	0.241255218422536	0.2076921138345	0.2076921138345	0.144624181763204	0.129020042869992	0.07388596171215	0.232639838330904	0.113291329783897	0.179284560658192	0.229148301531866	0.135823569704991	0.174109814246343	0.137149684589524	0.154039097554113	0.25660688247251	0.178504994745751	0.111850186846859	0.160096201646589	0.166714721500779	0.0315379040291119	0.10715721314327	0.160255000513039	0.142174400864173	0.238453795871024	0.099758211397631	0.155744819831486	0.184815724071504	0.072239436246727	0.22845550318006	0.133882666787718	0.135908202328482	0.191584556318938	0.173107332388173	0	0.171089335897981	0.087719157343462	0.163286089036483
0.069093561323197	0.023426509875755	0.070165882524555	0.036602777936519	0.036602777936519	0.026465154134777	0.042069293027989	0.097203374185831	0.061550502432923	0.057798006114084	0.00819522476021101	0.058058965633885	0.03526576619299	0.003020478348362	0.033939651308457	0.017050238343868	0.085517546574529	0.00741565884777001	0.059239149051122	0.010993134251392	0.00437461439720199	0.139551431868869	0.063932122754711	0.010834335384942	0.028914935033808	0.067364459973043	0.07133112450035	0.015344516066495	0.013726388173523	0.098849899651254	0.057366167282079	0.037206669110263	0.035181133569499	0.020495220420957	0.00201799649019202	0.171089335897981	0	0.0833701785545189	0.00780324686149797
0.152463739877716	0.106796688430274	0.153536061079074	0.119972956491038	0.119972956491038	0.056905024419742	0.0413008855265299	0.013833195631312	0.144920680987442	0.025572172440435	0.09156540331473	0.141429144188404	0.048104412361529	0.0863906569028809	0.049430527246062	0.066319940210651	0.168887725129048	0.090785837402289	0.024131029503397	0.072377044303127	0.078995564157317	0.0561812533143501	0.019438055799808	0.072535843169577	0.054455243520711	0.150734638527562	0.0120390540541689	0.0680256624880239	0.097096566728042	0.015479721096735	0.140736345836598	0.046163509444256	0.04818904498502	0.103865398975476	0.085388175044711	0.087719157343462	0.0833701785545189	0	0.075566931693021
0.076896808184695	0.031229756737253	0.077969129386053	0.044406024798017	0.044406024798017	0.018661907273279	0.034266046166491	0.089400127324333	0.069353749294421	0.049994759252586	0.015998471621709	0.065862212495383	0.027462519331492	0.01082372520986	0.026136404446959	0.00924699148237002	0.093320793436027	0.015218905709268	0.051435902189624	0.00318988738989401	0.00342863246429598	0.131748185007371	0.056128875893213	0.00303108852344403	0.02111168817231	0.075167706834541	0.063527877638852	0.00754126920499704	0.021529635035021	0.091046652789756	0.065169414143577	0.029403422248765	0.027377886708001	0.028298467282455	0.00982124335168999	0.163286089036483	0.00780324686149797	0.075566931693021	0
